Duivendrecht  (2039,1195)  (2003,1209)  (2062,1231)  (2075,1164)  (2026,1245)  (2079,1199)  (2122,1145)  (2107,1199)  | overflowToLeft=false
Staatsliedenbuurt  (1645,480)  (1644,516)  (1681,468)  (1717,473)  (1623,461)  (1615,496)  | overflowToLeft=false
Schiphol zuid  (513,1564)  (477,1599)  (477,1563)  (548,1600)  (526,1528)  (549,1564)  (574,1528)  (441,1599)  (441,1563)  (585,1564)  (424,1527)  (621,1560)  (388,1554)  (352,1562)  (352,1526)  (342,1490)  (316,1551)  (314,1454)  (306,1515)  (733,1499)  (278,1479)  (748,1462)  (768,1426)  (804,1400)  (840,1363)  (876,1334)  (912,1307)  (948,1279)  (984,1257)  (984,1293)  (1020,1229)  (1020,1265)  | overflowToLeft=false
Baan 36 en 06  (564,1427)  (528,1462)  (528,1426)  (599,1463)  (564,1391)  (600,1391)  (600,1427)  (526,1390)  (492,1491)  (492,1455)  (635,1463)  (569,1355)  (605,1355)  (636,1391)  (636,1427)  (490,1419)  (639,1499)  (641,1350)  (456,1487)  (671,1463)  (672,1386)  (672,1422)  (454,1451)  (454,1415)  (675,1499)  (677,1317)  (708,1353)  (708,1389)  (708,1425)  (418,1467)  (418,1431)  (713,1305)  (408,1395)  (382,1465)  (749,1289)  (372,1429)  (764,1252)  (775,1216)  (785,1288)  | overflowToLeft=false
Ronde Hoep west  (1496,1918)  (1460,1951)  (1531,1954)  (1476,1882)  (1512,1882)  (1532,1918)  (1548,1866)  (1495,1987)  (1567,1954)  (1549,1990)  (1484,1846)  (1568,1902)  (1459,2006)  (1520,1830)  (1556,1830)  (1584,1866)  (1592,1822)  (1513,2023)  (1483,1810)  (1604,1902)  (1423,2031)  (1387,2033)  (1477,2042)  (1519,1794)  (1555,1794)  (1591,1786)  (1398,2069)  (1512,1758)  (1548,1758)  (1362,2085)  (1539,1722)  | overflowToLeft=false
Ouderkerk  (1726,1608)  (1690,1635)  (1761,1644)  (1762,1580)  (1654,1616)  (1797,1616)  (1798,1577)  | overflowToLeft=false
Ijburg  (2550,989)  (2514,961)  (2585,1025)  (2621,1044)  (2640,1080)  (2449,889)  (2657,1044)  (2523,926)  | overflowToLeft=false
Kleine meer  (3058,198)  | overflowToLeft=false
10  (2951,915)  (2915,942)  (2915,906)  (2951,879)  (2987,915)  (2905,870)  (2879,940)  (2941,843)  (2977,843)  (3023,915)  (2869,885)  (2869,849)  (3059,915)  (2833,856)  (3095,915)  | overflowToLeft=false
11  (2851,758)  (2815,793)  (2815,757)  (2886,794)  (2851,722)  (2887,722)  (2887,758)  (2813,721)  (2779,800)  (2779,764)  (2922,794)  (2923,713)  (2923,749)  (2777,728)  (2775,692)  (2743,773)  (2958,785)  (2959,713)  (2959,749)  | overflowToLeft=false
12  (3232,781)  (3196,816)  (3196,780)  (3267,817)  (3232,745)  (3268,745)  (3268,781)  (3194,744)  (3231,852)  (3195,852)  (3160,816)  (3160,780)  (3303,817)  (3303,853)  (3267,853)  (3159,853)  (3230,709)  (3266,709)  (3302,709)  (3304,745)  (3304,781)  (3158,744)  (3158,708)  (3194,708)  (3338,675)  (3231,888)  (3124,817)  (3124,781)  (3339,817)  (3339,853)  (3339,889)  (3303,889)  (3267,889)  (3123,879)  (3230,673)  (3266,673)  (3302,673)  (3340,711)  (3340,747)  (3122,745)  (3122,709)  (3122,673)  (3158,672)  (3194,672)  (3374,675)  (3088,843)  (3088,807)  (3375,783)  (3375,819)  (3375,855)  (3087,879)  | overflowToLeft=false
Diemerpark  (2444,981)  (2537,1088)  (2365,905)  (2476,1017)  (2505,1055)  (2415,949)  (2574,1117)  | overflowToLeft=false
Holendrecht  (2270,1709)  (2234,1744)  (2234,1708)  (2305,1745)  (2270,1673)  (2306,1673)  (2306,1709)  (2232,1672)  (2269,1780)  (2233,1780)  (2198,1744)  (2198,1708)  (2341,1745)  (2268,1637)  (2342,1666)  (2342,1702)  (2196,1672)  (2196,1636)  (2232,1636)  (2355,1781)  (2377,1738)  (2378,1653)  (2378,1689)  (2160,1663)  (2160,1627)  (2196,1600)  (2232,1600)  (2391,1774)  (2413,1725)  (2414,1655)  (2427,1761)  (2449,1691)  (2450,1647)  (2485,1693)  | overflowToLeft=false
13  (3589,785)  (3553,820)  (3553,784)  (3589,749)  (3625,749)  (3625,785)  (3551,748)  (3540,856)  (3517,820)  (3517,784)  (3661,717)  (3661,753)  (3661,789)  (3515,748)  (3504,869)  (3481,833)  (3481,797)  (3697,717)  (3697,753)  (3479,761)  (3479,725)  (3468,897)  (3733,719)  (3733,755)  (3769,719)  | overflowToLeft=false
14  (2915,619)  (2879,654)  (2879,618)  (2950,655)  (2915,583)  (2951,583)  (2951,619)  (2877,582)  (2843,680)  | overflowToLeft=false
15  (3094,538)  (3058,573)  (3058,537)  (3129,574)  (3094,502)  (3130,502)  (3130,538)  (3056,501)  (3093,609)  (3057,609)  (3022,573)  (3022,537)  (3165,574)  (3165,610)  (3129,610)  (3021,610)  (3092,466)  (3128,466)  (3020,501)  (3020,465)  (3056,465)  (3164,444)  (3201,550)  (3201,586)  (3201,622)  (3092,430)  (3128,430)  (2984,516)  (2984,480)  (3164,408)  (3237,555)  (3237,591)  (3237,627)  (3085,394)  (3121,394)  (2948,516)  (3273,555)  (3273,591)  (3273,627)  (2912,516)  | overflowToLeft=false
16  (3325,472)  (3289,507)  (3289,471)  (3360,508)  (3325,436)  (3361,436)  (3361,472)  (3287,435)  (3324,543)  (3253,516)  (3253,480)  (3396,508)  (3396,544)  (3360,544)  (3323,400)  (3359,400)  (3397,404)  (3397,440)  (3251,444)  (3251,408)  (3287,399)  (3224,372)  (3324,579)  (3217,512)  (3432,476)  (3432,512)  (3427,580)  (3391,580)  (3215,476)  (3215,440)  (3260,363)  (3296,363)  (3355,615)  (3319,615)  (3427,616)  (3391,616)  | overflowToLeft=false
17  (3640,578)  (3604,613)  (3604,577)  (3675,614)  (3640,542)  (3676,542)  (3676,578)  (3602,541)  (3639,649)  (3603,649)  (3568,613)  (3568,577)  (3711,614)  (3711,650)  (3675,650)  (3567,650)  (3638,506)  (3674,506)  (3710,506)  (3712,542)  (3712,578)  (3566,541)  (3566,505)  (3602,505)  (3746,472)  (3532,614)  (3532,578)  (3747,614)  (3747,650)  (3531,681)  (3638,470)  (3674,470)  (3710,470)  (3748,508)  (3748,544)  (3530,542)  (3530,506)  (3530,470)  (3566,469)  (3602,469)  (3782,450)  (3496,645)  (3496,609)  (3783,580)  (3783,616)  (3783,652)  (3495,681)  (3784,486)  (3784,522)  (3494,573)  (3494,537)  (3494,501)  (3494,465)  | overflowToLeft=false
18  (3404,221)  (3368,256)  (3368,220)  (3426,257)  (3412,185)  (3440,221)  (3448,177)  (3390,292)  (3354,292)  (3332,256)  (3426,293)  (3442,141)  (3478,141)  (3484,177)  (3318,306)  (3390,328)  (3354,328)  (3296,270)  (3514,111)  (3452,105)  (3520,147)  | overflowToLeft=false
19  (3588,307)  (3552,342)  (3552,306)  (3623,343)  (3588,271)  (3624,271)  (3624,307)  (3550,270)  (3587,378)  (3551,378)  (3516,342)  (3516,306)  (3650,379)  (3515,379)  (3586,235)  (3622,235)  (3514,270)  (3523,234)  (3614,414)  (3578,414)  (3480,343)  (3480,307)  (3479,409)  (3559,199)  (3595,199)  (3631,199)  (3590,163)  | overflowToLeft=false
Hakkelaarsbrug  (3239,1516)  (3203,1551)  (3203,1515)  (3274,1552)  (3239,1480)  (3275,1480)  (3275,1516)  (3201,1479)  (3238,1587)  (3202,1587)  (3167,1551)  (3167,1515)  (3310,1552)  (3310,1588)  (3274,1588)  (3237,1444)  (3273,1444)  (3309,1444)  (3311,1480)  (3311,1516)  (3165,1479)  (3165,1443)  (3201,1443)  (3238,1623)  (3131,1555)  (3131,1519)  (3346,1579)  (3346,1615)  (3310,1624)  (3274,1624)  (3237,1408)  (3273,1408)  (3129,1483)  (3129,1409)  (3165,1407)  (3201,1407)  (3361,1651)  (3095,1525)  (3325,1660)  (3289,1660)  (3237,1372)  (3130,1371)  (3166,1371)  (3361,1687)  (3325,1696)  (3202,1336)  (3127,1335)  (3163,1335)  (3397,1710)  | overflowToLeft=false
Zwanenburger Wei  (571,402)  (535,437)  (535,401)  (606,438)  (571,366)  (607,366)  (607,402)  (533,365)  (570,473)  (642,438)  (642,474)  (606,474)  (569,330)  (643,382)  (497,382)  (497,346)  (533,329)  (480,310)  (678,418)  (678,454)  (678,490)  (642,510)  (606,510)  (569,294)  (516,293)  (714,450)  (714,486)  (637,546)  (552,258)  (750,455)  | overflowToLeft=false
1  (3520,1449)  (3484,1463)  (3484,1427)  (3555,1485)  (3520,1413)  (3556,1426)  (3461,1391)  (3448,1461)  (3591,1462)  (3497,1377)  (3617,1498)  | overflowToLeft=false
de Sniep  (2474,1253)  (2438,1275)  (2438,1239)  (2509,1289)  (2474,1217)  (2510,1217)  (2510,1253)  (2423,1203)  (2473,1311)  (2402,1250)  (2545,1289)  (2545,1325)  (2509,1325)  (2459,1181)  (2546,1212)  (2546,1248)  (2387,1214)  (2387,1178)  (2473,1347)  (2581,1284)  (2581,1320)  (2581,1356)  (2545,1361)  (2509,1361)  (2362,1142)  (2351,1239)  (2351,1203)  (2597,1392)  (2617,1306)  (2617,1342)  (2561,1397)  (2525,1397)  (2489,1397)  (2366,1106)  (2315,1239)  (2315,1203)  (2534,1433)  (2498,1433)  (2279,1250)  (2279,1214)  | overflowToLeft=false
2  (3365,1362)  (3329,1359)  (3400,1398)  (3364,1398)  (3365,1326)  (3401,1326)  (3401,1362)  (3325,1323)  (3409,1434)  | overflowToLeft=false
3  (3293,1230)  (3257,1265)  (3257,1229)  (3328,1266)  (3293,1194)  (3329,1194)  (3329,1230)  (3255,1193)  (3247,1301)  (3221,1265)  (3221,1229)  (3364,1266)  (3365,1167)  (3365,1203)  (3219,1193)  (3185,1284)  (3185,1248)  (3400,1239)  (3401,1167)  (3401,1203)  (3183,1212)  (3183,1176)  | overflowToLeft=false
4  (3515,1244)  (3479,1279)  (3479,1243)  (3550,1280)  (3515,1208)  (3551,1208)  (3551,1244)  (3477,1207)  (3514,1315)  (3478,1315)  (3554,1316)  (3513,1172)  (3549,1172)  (3469,1171)  | overflowToLeft=false
5  (3370,1054)  (3334,1089)  (3334,1053)  (3405,1090)  (3370,1018)  (3406,1018)  (3406,1054)  (3332,1017)  (3369,1125)  (3333,1125)  (3298,1089)  (3298,1053)  (3441,1090)  (3441,1126)  (3405,1126)  (3297,1126)  (3368,982)  (3404,982)  (3440,982)  (3442,1018)  (3442,1054)  (3296,1017)  (3296,981)  (3332,981)  (3476,948)  (3262,1090)  (3262,1054)  (3477,1090)  (3477,1126)  (3261,1131)  (3368,946)  (3404,946)  (3440,946)  (3478,984)  (3478,1020)  (3260,1018)  (3260,982)  (3260,946)  (3296,945)  (3332,945)  (3512,933)  (3226,1095)  (3226,1059)  (3513,1056)  (3513,1092)  (3513,1128)  (3225,1132)  (3514,969)  (3514,1005)  (3224,1023)  (3224,987)  (3224,951)  | overflowToLeft=false
6  (3067,1116)  (3031,1151)  (3031,1115)  (3102,1152)  (3067,1080)  (3103,1080)  (3103,1116)  (3029,1079)  (3066,1187)  (3030,1187)  (2995,1151)  (3126,1188)  (2994,1188)  (3065,1044)  (3101,1044)  (3000,1043)  (3090,1223)  (3054,1223)  (3018,1224)  (3036,1008)  (3072,1008)  (3108,1008)  | overflowToLeft=false
Vrijschot  (264,1012)  (228,1047)  (228,1011)  (299,1048)  (264,976)  (300,976)  (300,1012)  (226,975)  (263,1083)  (192,1035)  (335,1048)  (335,1084)  (299,1084)  (331,940)  (336,976)  (336,1012)  (190,999)  (190,963)  (226,939)  (178,927)  (367,939)  (263,1119)  (371,1048)  (371,1084)  (371,1120)  (335,1120)  (299,1120)  (372,975)  (372,1011)  (154,987)  (214,903)  (250,903)  (142,951)  (142,915)  (178,891)  (141,879)  (407,1047)  (407,1083)  (407,1119)  (400,1156)  (364,1156)  (328,1156)  (292,1156)  (408,988)  (214,867)  (250,867)  (106,980)  (106,944)  (177,855)  (105,908)  (386,1192)  (350,1192)  (314,1192)  | overflowToLeft=false
7  (2910,1236)  (2874,1261)  (2874,1225)  (2938,1272)  (2910,1200)  (2946,1200)  (2946,1236)  (2862,1189)  (2838,1235)  (2898,1164)  (2934,1164)  (2982,1260)  (2839,1153)  (2806,1288)  (3018,1260)  (3054,1260)  (3066,1296)  (3090,1260)  (3126,1261)  | overflowToLeft=false
8  (2857,1057)  (2821,1092)  (2821,1056)  (2892,1093)  (2857,1021)  (2893,1021)  (2893,1057)  (2819,1020)  (2785,1091)  (2928,1093)  (2855,985)  (2891,985)  (2927,985)  (2929,1021)  (2929,1057)  (2783,1055)  (2783,1019)  (2819,984)  (2963,984)  (2749,1091)  (2964,1093)  (2747,1055)  | overflowToLeft=false
9  (2682,904)  (2646,939)  (2646,903)  (2717,940)  (2682,868)  (2718,868)  (2718,904)  (2644,867)  (2681,975)  (2645,975)  (2610,939)  (2610,903)  (2753,940)  (2727,976)  (2680,832)  (2716,832)  (2754,853)  (2754,889)  (2574,911)  (2789,925)  (2790,886)  | overflowToLeft=false
Lustoord  (1862,1357)  (1826,1392)  (1826,1356)  (1897,1393)  (1862,1321)  (1898,1321)  (1898,1357)  (1824,1320)  (1861,1428)  (1825,1428)  (1790,1392)  (1790,1356)  (1933,1393)  (1933,1429)  (1897,1429)  (1789,1429)  (1860,1285)  (1934,1318)  (1934,1354)  (1811,1284)  (1775,1253)  (1861,1464)  (1825,1464)  (1969,1390)  (1789,1465)  (1970,1320)  (1811,1248)  (1739,1239)  (1775,1217)  (2005,1356)  (1820,1501)  (1784,1501)  (2006,1319)  (1811,1212)  (1748,1507)  (1763,1181)  (1799,1176)  (1835,1176)  (1768,1140)  (1804,1140)  | overflowToLeft=false
Amstelpark  (1746,1074)  (1710,1109)  (1738,1038)  (1782,1049)  (1782,1085)  (1715,1145)  (1689,1181)  | overflowToLeft=false
20  (3752,318)  (3716,353)  (3716,317)  (3787,354)  (3752,282)  (3788,282)  (3788,318)  (3714,281)  (3751,389)  (3715,389)  (3804,390)  (3750,246)  (3786,246)  (3690,245)  (3726,210)  (3762,210)  (3798,210)  | overflowToLeft=false
21  (3713,61)  (3677,96)  (3677,60)  (3748,97)  (3713,25)  (3749,25)  (3749,61)  (3675,24)  (3712,132)  (3676,132)  (3641,96)  (3641,60)  (3784,97)  (3784,133)  (3748,133)  (3785,0)  (3785,36)  (3639,24)  (3605,104)  (3605,68)  (3603,32)  (3569,79)  (3567,43)  (3531,57)  (3495,36)  | overflowToLeft=false
22  (2499,776)  (2463,771)  (2534,812)  (2498,812)  (2526,740)  (2535,776)  (2462,813)  (2441,735)  (2562,729)  (2570,812)  (2571,765)  (2421,699)  (2598,723)  (2606,801)  (2607,759)  (2385,674)  | overflowToLeft=false
de Grachtengordel  (1750,706)  (1786,727)  (1736,670)  (1822,714)  (1745,633)  (1830,749)  | overflowToLeft=false
23  (2194,594)  (2158,605)  (2230,596)  (2140,569)  (2252,632)  (2264,668)  (2281,595)  (2104,582)  | overflowToLeft=false
24  (1865,472)  (1874,510)  (1898,543)  (1935,563)  (1868,436)  | overflowToLeft=false
25  (1827,332)  (1791,321)  (1862,368)  (1779,285)  (1815,285)  (1769,249)  | overflowToLeft=false
26  (1697,257)  (1623,238)  (1651,274)  (1735,248)  | overflowToLeft=false
Bedrijventerrein Sloterdijk  (1112,184)  (1076,219)  (1076,183)  (1147,220)  (1148,166)  (1170,126)  (1111,255)  (1075,255)  (1040,219)  (1040,183)  (1183,202)  (1183,238)  (1147,256)  (1039,256)  (1184,162)  (1130,106)  (1091,98)  (1201,274)  (1166,90)  (1202,90)  (1206,126)  (1004,220)  (1004,184)  (1219,198)  (1219,234)  (1220,162)  (1238,58)  (1242,94)  (1255,198)  (1256,130)  (1201,36)  (1237,22)  (1273,22)  (1274,58)  (1278,94)  (1164,16)  (1127,7)  (1291,166)  (1291,202)  (1292,130)  (1200,0)  | overflowToLeft=false
27  (1671,94)  (1708,126)  (1740,170)  (1628,69)  (1546,35)  (1591,54)  | overflowToLeft=false
Beukenhorst  (266,1299)  (230,1326)  (230,1290)  (301,1335)  (266,1263)  (302,1266)  (194,1339)  (337,1302)  (337,1338)  (301,1371)  (338,1258)  (158,1363)  (158,1327)  (122,1359)  | overflowToLeft=false
28  (113,2046)  (77,2081)  (77,2045)  (148,2082)  (113,2010)  (149,2010)  (149,2046)  (75,2009)  (112,2117)  (76,2117)  (41,2081)  (41,2045)  (179,2118)  (40,2118)  (111,1974)  (147,1974)  (39,2009)  (56,1973)  (5,2082)  (5,2046)  (4,2124)  (139,1938)  (175,1938)  (3,2010)  (50,1912)  | overflowToLeft=false
29  (303,1970)  (267,2005)  (267,1969)  (338,2006)  (303,1934)  (339,1934)  (339,1970)  (265,1933)  (302,2041)  (266,2041)  (231,2005)  (231,1969)  (230,2042)  (301,1898)  (337,1898)  (373,1898)  (375,1934)  (229,1933)  (298,2077)  (262,2078)  (226,2078)  (390,1862)  | overflowToLeft=false
Bijlmer centrum  (2163,1506)  (2127,1541)  (2127,1505)  (2198,1542)  (2163,1470)  (2199,1470)  (2199,1506)  (2178,1434)  (2165,1398)  (2066,1378)  (2102,1375)  (2138,1362)  (2056,1342)  (2092,1339)  (2055,1306)  (2091,1303)  | overflowToLeft=false
Mooie Nel  (278,0)  | overflowToLeft=false
de Burgwallen  (1839,686)  (1861,652)  (1898,644)  (1888,609)  | overflowToLeft=false
Adam-Rijn K. 3  (2629,1262)  | overflowToLeft=false
Adam-Rijn K. 2  (2485,1088)  | overflowToLeft=false
Bijlmermeer  (2313,1393)  (2277,1428)  (2277,1392)  (2348,1429)  (2313,1357)  (2349,1357)  (2349,1393)  (2275,1356)  (2312,1464)  (2276,1464)  (2241,1426)  (2384,1429)  (2384,1465)  (2348,1465)  (2311,1321)  (2347,1321)  (2383,1321)  (2385,1357)  (2385,1393)  (2239,1390)  (2239,1354)  (2237,1318)  (2279,1500)  (2420,1429)  (2344,1285)  (2421,1347)  (2421,1383)  | overflowToLeft=false
Adam-Rijn K. 5  (2581,2008)  | overflowToLeft=false
Adam-Rijn K. 4  (2639,1517)  | overflowToLeft=false
Uithoorn  (714,2090)  (678,2124)  (678,2088)  (714,2054)  (750,2054)  (750,2090)  (675,2052)  (642,2124)  (642,2088)  (711,2018)  (747,2018)  (783,2018)  (786,2054)  (786,2090)  (639,2052)  (639,2016)  (675,2016)  (819,1985)  (606,2124)  (606,2088)  (711,1982)  (747,1982)  (783,1982)  (822,2021)  (822,2057)  (822,2093)  (603,2052)  (603,2016)  (603,1980)  (639,1980)  (675,1980)  (570,2124)  (570,2088)  (711,1946)  (747,1946)  (858,2004)  (858,2040)  (858,2076)  (858,2112)  (567,2052)  (567,2016)  (670,1944)  (534,2124)  (534,2088)  (894,2032)  (894,2068)  (894,2104)  (531,2052)  (531,2016)  (498,2124)  (498,2088)  | overflowToLeft=false
Amsterdamse Bos zuid  (1085,1396)  (1049,1431)  (1049,1395)  (1120,1432)  (1085,1360)  (1121,1360)  (1121,1396)  (1047,1359)  (1084,1467)  (1137,1468)  (1083,1324)  (1157,1379)  (1033,1323)  (1096,1503)  (1060,1503)  | overflowToLeft=false
Uitdam  (3200,234)  (3164,269)  (3164,233)  (3229,270)  (3200,198)  (3236,198)  (3236,234)  (3162,197)  (3155,305)  (3128,248)  (3219,162)  (3255,162)  (3272,198)  (3126,212)  (3291,156)  (3221,126)  (3327,160)  | overflowToLeft=false
Over Diemen  (2740,1338)  (2704,1373)  (2704,1337)  (2775,1374)  (2740,1302)  (2776,1328)  (2702,1301)  (2739,1409)  (2811,1364)  (2811,1400)  (2775,1410)  (2675,1262)  (2837,1436)  (2841,1326)  (2847,1362)  (2847,1398)  (2639,1226)  (2720,1223)  (2675,1214)  (2756,1209)  (2873,1434)  (2874,1470)  (2792,1195)  (2883,1364)  (2711,1187)  (2663,1178)  (2747,1173)  (2909,1400)  (2910,1436)  (2910,1472)  (2699,1151)  (2938,1508)  (2735,1137)  (2946,1413)  (2946,1449)  (2974,1485)  (2974,1521)  (2982,1439)  | overflowToLeft=false
Baan 36 C  (520,1006)  (484,1041)  (555,1042)  (498,970)  (534,970)  (556,1006)  (570,956)  (498,1077)  (591,1042)  (509,934)  (592,992)  (545,920)  (462,1100)  (627,1028)  (523,884)  (559,884)  (477,1136)  (663,1015)  (471,1172)  (435,1196)  (473,1208)  (437,1232)  (456,1268)  (420,1268)  (429,1304)  (393,1306)  | overflowToLeft=false
Vliegenbos  (2109,478)  (2148,484)  (2172,507)  (2215,518)  (2235,541)  | overflowToLeft=false
Zuidas  (1510,1012)  (1474,1037)  (1474,1001)  (1510,976)  (1546,976)  (1546,1012)  (1462,965)  (1438,1031)  (1582,956)  (1582,992)  (1582,1028)  (1426,995)  (1406,959)  (1618,962)  (1618,998)  (1618,1034)  (1397,1060)  (1390,1015)  (1654,973)  (1654,1009)  (1654,1045)  (1690,984)  (1690,1020)  | overflowToLeft=false
Holysloter Die  (2964,280)  | overflowToLeft=false
Stokkelaarsbrug  (1935,2036)  (1899,2071)  (1899,2035)  (1970,2072)  (1935,2000)  (1971,2000)  (1971,2036)  (1897,1999)  (1934,2107)  (1898,2107)  (1863,2071)  (1863,2035)  (2006,2072)  (2006,2108)  (1970,2108)  (1862,2108)  (1933,1964)  (1969,1964)  (2005,1964)  (2007,2000)  (2007,2036)  (1861,1999)  (1861,1963)  (1897,1963)  (2041,1930)  (1827,2072)  (1827,2036)  (2042,2072)  (2042,2108)  (1826,2124)  (1933,1928)  (1969,1928)  (2005,1928)  (2043,1966)  (2043,2002)  (1842,1927)  (1878,1927)  (1791,2088)  (2078,2055)  (2078,2091)  (1790,2124)  (1914,1892)  (1950,1892)  (1986,1892)  (2022,1892)  (2079,1938)  (1843,1891)  (1755,2088)  (1754,2124)  (1879,1856)  (1915,1856)  (1951,1856)  (1987,1856)  | overflowToLeft=false
Slotermeer  (1327,454)  (1291,489)  (1291,453)  (1362,490)  (1327,418)  (1363,419)  (1289,417)  (1326,525)  (1255,501)  (1255,465)  (1398,455)  (1398,491)  (1362,526)  (1399,527)  (1253,429)  (1235,393)  (1219,499)  (1434,431)  (1434,467)  (1435,503)  (1435,539)  (1399,563)  (1217,463)  (1447,575)  (1199,427)  (1199,391)  (1470,436)  (1471,472)  (1471,508)  (1181,490)  (1163,454)  (1163,418)  (1499,396)  (1506,432)  (1507,468)  (1507,504)  (1141,382)  (1127,470)  (1127,434)  (1542,400)  (1543,436)  (1543,472)  (1543,508)  (1105,398)  (1579,407)  (1579,530)  (1069,401)  (1615,383)  (1640,419)  (1676,414)  | overflowToLeft=false
Naardermeer  (3383,1867)  (3362,1814)  (3447,1930)  (3342,1778)  (3448,1966)  | overflowToLeft=false
Oosteinde  (870,1520)  (834,1555)  (834,1519)  (905,1556)  (870,1484)  (906,1484)  (906,1520)  (832,1483)  (858,1591)  (822,1591)  (798,1555)  (941,1556)  (941,1592)  (868,1448)  (904,1448)  (940,1448)  (942,1484)  (942,1520)  (786,1603)  (976,1414)  (762,1567)  (977,1556)  (977,1592)  (948,1628)  (872,1412)  (908,1412)  (978,1450)  (978,1486)  (750,1631)  (944,1378)  (980,1378)  (726,1595)  (1013,1522)  (1013,1558)  (714,1643)  (690,1607)  (678,1652)  (654,1616)  (642,1667)  (618,1631)  (606,1677)  (582,1641)  (570,1689)  (546,1653)  (510,1676)  | overflowToLeft=false
Oostzaan Zuidende  (1924,0)  (1781,0)  | overflowToLeft=false
Grachten N  (1784,560)  (1767,589)  (1821,543)  | overflowToLeft=false
Baan 27  (787,1098)  (751,1127)  (751,1091)  (822,1134)  (787,1062)  (823,1062)  (823,1098)  (786,1163)  (715,1123)  (715,1087)  (858,1134)  (858,1170)  (859,1062)  (859,1098)  (679,1119)  (679,1083)  (894,1134)  (894,1170)  (895,1062)  (895,1098)  (643,1113)  (930,1134)  (931,1065)  (607,1107)  (966,1101)  (571,1102)  | overflowToLeft=false
Zeeburgereiland  (2337,724)  (2301,755)  (2372,760)  (2306,688)  (2375,724)  (2344,686)  (2412,769)  | overflowToLeft=false
Kerk AE  (2917,144)  | overflowToLeft=false
Adam-Rijn K.  (2280,867)  | overflowToLeft=false
Waterlooplein  (1866,695)  (1903,697)  (1908,671)  (1940,661)  | overflowToLeft=false
Sloterplas  (1286,570)  | overflowToLeft=false
Gooimeer  (3724,1672)  (3688,1707)  (3688,1671)  (3759,1708)  (3724,1636)  (3760,1636)  (3760,1672)  (3686,1635)  (3723,1743)  (3795,1708)  (3795,1744)  (3759,1744)  (3722,1600)  (3758,1600)  (3794,1600)  (3796,1636)  (3796,1672)  (3650,1621)  (3686,1599)  (3804,1780)  (3768,1780)  (3791,1564)  (3804,1816)  (3804,1852)  | overflowToLeft=false
Sloten  (1211,891)  (1175,926)  (1175,890)  (1246,927)  (1211,855)  (1247,855)  (1247,891)  (1173,854)  (1210,962)  (1139,947)  (1139,911)  (1282,927)  (1282,963)  (1246,963)  (1209,819)  (1245,819)  (1281,819)  (1283,855)  (1283,891)  (1137,875)  (1137,839)  (1173,818)  (1122,803)  (1317,816)  (1103,955)  (1103,919)  (1318,927)  (1318,963)  (1306,999)  (1270,999)  (1319,852)  (1319,888)  (1101,883)  (1101,847)  (1086,811)  (1067,972)  (1067,936)  (1354,924)  (1355,825)  (1355,861)  (1065,900)  (1065,864)  (1050,828)  (1031,949)  (1390,897)  (1029,913)  (1029,877)  (1014,841)  (993,879)  | overflowToLeft=false
Havenbuurt  (1488,-15)  | overflowToLeft=false
Noorder IJplas  (1706,0)  | overflowToLeft=false
Hoofddorp  (51,1166)  (15,1201)  (15,1165)  (86,1202)  (51,1130)  (87,1130)  (87,1166)  (13,1129)  (50,1237)  (14,1237)  (122,1202)  (122,1238)  (86,1238)  (49,1094)  (85,1094)  (121,1094)  (123,1130)  (123,1166)  (0,1093)  (157,1072)  (50,1273)  (14,1273)  (158,1202)  (158,1238)  (158,1274)  (122,1274)  (86,1274)  (36,1058)  (72,1058)  (108,1058)  (159,1108)  (159,1144)  (0,1057)  (50,1309)  (14,1309)  (194,1180)  (194,1216)  (36,1022)  (72,1022)  (108,1022)  (195,1124)  (230,1180)  | overflowToLeft=false
Spaarnwoude  (470,49)  (434,84)  (434,48)  (505,85)  (470,13)  (506,13)  (506,49)  (432,12)  (469,120)  (433,120)  (398,84)  (398,48)  (541,85)  (541,121)  (505,121)  (397,121)  (542,0)  (542,36)  (396,12)  (469,156)  (433,156)  (362,85)  (362,49)  (577,72)  (577,108)  (577,144)  (541,157)  (505,157)  (397,157)  (361,142)  (578,0)  (578,36)  (360,13)  (600,180)  (469,192)  (433,192)  (326,106)  (326,70)  (613,72)  (613,108)  (613,144)  (564,193)  (528,193)  (397,193)  (614,0)  (614,36)  (636,180)  (636,216)  (600,216)  (649,72)  (649,108)  (649,144)  | overflowToLeft=false
Spaarndammerbuurt  (1776,430)  (1740,405)  (1811,466)  | overflowToLeft=false
De Horn  (2791,1872)  (2755,1907)  (2755,1871)  (2826,1908)  (2791,1836)  (2827,1836)  (2827,1872)  (2753,1835)  (2790,1943)  (2754,1943)  (2719,1907)  (2719,1871)  (2862,1908)  (2863,1822)  (2863,1858)  (2717,1835)  (2717,1799)  (2683,1881)  (2898,1894)  (2899,1819)  (2899,1855)  (2681,1845)  (2681,1809)  (2681,1773)  (2717,1763)  (2655,1737)  (2647,1895)  (2934,1891)  (2935,1846)  (2645,1859)  (2645,1823)  (2691,1727)  (2945,1927)  (2962,1963)  (2970,1882)  (2981,1918)  (3006,1856)  (3017,1892)  (3042,1856)  (3078,1879)  | overflowToLeft=false
Marken  (3496,-7)  | overflowToLeft=false
Oosterparkbuurt  (1927,849)  (1891,850)  (1962,885)  (1929,813)  (1963,849)  (1926,886)  (1965,811)  (1999,847)  | overflowToLeft=false
Oostelijke Eilanden  (1987,643)  (2023,657)  (2059,680)  (2068,711)  (2033,712)  (1999,687)  | overflowToLeft=false
Broek in Waterland  (2715,78)  (2711,42)  | overflowToLeft=false
Lutkemeer  (900,450)  (864,485)  (864,449)  (935,486)  (900,414)  (936,414)  (936,450)  (862,413)  (899,521)  (863,521)  (828,485)  (971,486)  (971,522)  (935,522)  (827,522)  (898,378)  (934,378)  (970,378)  (972,414)  (972,450)  (851,377)  (1006,356)  (1007,486)  (1007,522)  (1007,558)  (971,558)  (935,558)  (852,558)  (816,558)  (887,342)  (923,342)  (1008,392)  (1008,428)  (780,574)  (1043,474)  (796,610)  | overflowToLeft=false
Kinselmeer  (2782,580)  (2746,609)  (2780,544)  (2818,545)  | overflowToLeft=false
Buikslotermeer  (2236,388)  (2200,413)  (2200,377)  (2271,424)  (2236,352)  (2272,352)  (2272,388)  (2200,341)  (2164,416)  (2164,380)  (2307,424)  (2307,460)  (2308,386)  (2343,449)  (2343,485)  | overflowToLeft=false
Haven noord noord  (1625,1)  | overflowToLeft=false
Landsmeer  (2098,11)  (2062,46)  (2062,10)  (2134,0)  (2065,82)  (2026,56)  (2026,20)  (2170,0)  (2206,0)  | overflowToLeft=false
Haarlem noord  (123,83)  (87,118)  (87,82)  (158,119)  (123,47)  (159,47)  (159,83)  (85,46)  (122,154)  (86,154)  (51,100)  (194,119)  (194,155)  (158,155)  (121,11)  (157,11)  (193,11)  (195,47)  (195,83)  (49,64)  (49,28)  (85,10)  (50,158)  (230,119)  (230,155)  (230,191)  (194,191)  (158,191)  (231,16)  (231,52)  (13,82)  (13,46)  (13,10)  (266,107)  (266,143)  (266,179)  (188,227)  (152,227)  (156,263)  | overflowToLeft=false
Ronde Hoep oost  (1689,1970)  (1653,2005)  (1653,1969)  (1724,2006)  (1689,1934)  (1725,1934)  (1725,1970)  (1651,1933)  (1688,2041)  (1652,2041)  (1617,2005)  (1743,2042)  (1616,2042)  (1687,1898)  (1723,1898)  (1759,1898)  (1761,1934)  (1761,1970)  (1795,1864)  (1696,2077)  (1660,2077)  (1624,2078)  (1588,2078)  (1580,2042)  (1667,1862)  (1703,1862)  (1739,1862)  (1797,1900)  (1797,1962)  (1552,2106)  (1775,1828)  (1681,2113)  (1645,2114)  (1609,2114)  (1653,1826)  (1689,1826)  (1725,1826)  (1516,2124)  (1761,1792)  (1650,1790)  (1686,1790)  (1722,1790)  (1480,2124)  (1758,1756)  (1639,1754)  (1675,1754)  (1711,1754)  (1444,2124)  (1794,1726)  (1747,1720)  (1609,1718)  (1645,1718)  (1681,1718)  | overflowToLeft=false
Naarder Wei  (3518,1804)  (3482,1839)  (3482,1803)  (3553,1840)  (3518,1768)  (3554,1768)  (3554,1804)  (3480,1767)  (3517,1875)  (3481,1875)  (3446,1839)  (3446,1803)  (3558,1876)  (3516,1732)  (3552,1732)  (3588,1732)  (3590,1768)  (3590,1804)  (3476,1731)  (3624,1698)  (3522,1911)  (3410,1824)  (3561,1912)  (3512,1696)  (3548,1696)  (3584,1696)  (3626,1809)  (3455,1695)  (3525,1947)  (3577,1948)  (3491,1660)  (3527,1660)  (3563,1660)  (3599,1660)  (3662,1810)  (3430,1659)  (3688,1846)  (3541,1983)  (3505,1983)  (3584,1984)  (3480,1624)  (3516,1624)  (3552,1624)  (3588,1624)  (3698,1807)  (3721,1882)  (3724,1843)  (3548,2019)  (3586,2020)  (3532,1588)  (3568,1588)  | overflowToLeft=false
Gaasperpark  (2546,1538)  (2510,1573)  (2510,1537)  (2581,1574)  (2546,1502)  (2582,1502)  (2582,1538)  (2545,1609)  (2474,1548)  (2612,1610)  (2575,1466)  (2611,1466)  (2618,1502)  (2618,1538)  (2451,1512)  (2509,1637)  (2576,1645)  (2438,1548)  (2415,1512)  (2402,1572)  (2379,1536)  (2343,1556)  (2318,1617)  (2307,1581)  (2307,1545)  | overflowToLeft=false
Scheepsbuurt  (2091,214)  (2108,250)  (2067,178)  (2131,221)  (2101,172)  (2054,212)  | overflowToLeft=false
Ransdorper Die  (2705,397)  | overflowToLeft=false
Natuurreservaat Naardermeer  (3193,1843)  (3157,1878)  (3157,1842)  (3228,1879)  (3193,1807)  (3229,1807)  (3229,1843)  (3155,1806)  (3192,1914)  (3156,1914)  (3121,1878)  (3121,1842)  (3264,1879)  (3264,1915)  (3228,1915)  (3120,1915)  (3191,1771)  (3227,1771)  (3263,1771)  (3265,1807)  (3265,1843)  (3119,1806)  (3119,1770)  (3155,1770)  (3192,1950)  (3156,1950)  (3300,1879)  (3300,1915)  (3300,1951)  (3264,1951)  (3228,1951)  (3120,1951)  (3084,1951)  (3191,1735)  (3227,1735)  (3301,1801)  (3301,1837)  (3083,1809)  (3083,1773)  (3083,1737)  (3119,1734)  (3155,1734)  (3050,1701)  (3192,1986)  (3156,1986)  (3336,1875)  (3336,1911)  (3336,1947)  (3336,1983)  (3300,1987)  (3264,1987)  (3228,1987)  (3120,1987)  (3084,1987)  (3048,1987)  | overflowToLeft=false
Muiden  (3025,1376)  (2989,1381)  (2989,1345)  (3060,1412)  (3025,1340)  (2953,1339)  (3080,1448)  | overflowToLeft=false
de Bongerd  (1906,223)  (1938,192)  (1971,215)  (1943,233)  (1918,256)  (1950,265)  | overflowToLeft=false
Elzenhagen  (2094,383)  (2096,355)  (2135,355)  (2126,316)  | overflowToLeft=false
Westwijk  (1063,1676)  (1027,1711)  (1027,1675)  (1098,1712)  (1063,1640)  (1099,1640)  (1099,1676)  (1025,1639)  (1062,1747)  (1026,1747)  (991,1711)  (991,1675)  (1061,1604)  (1135,1629)  (1135,1665)  (1079,1783)  (955,1709)  | overflowToLeft=false
Buitenveldert  (1522,1150)  (1486,1185)  (1486,1149)  (1557,1186)  (1522,1114)  (1558,1114)  (1558,1150)  (1484,1113)  (1450,1181)  (1593,1186)  (1540,1078)  (1576,1078)  (1594,1114)  (1594,1150)  (1448,1145)  (1448,1109)  (1437,1073)  (1629,1186)  (1630,1092)  (1630,1128)  | overflowToLeft=false
Bullewijk  (2026,1626)  (1990,1647)  (1990,1611)  (2061,1662)  (2026,1590)  (2062,1590)  (2062,1626)  (1974,1575)  (2025,1683)  (2097,1662)  (2097,1698)  (2061,1698)  (2010,1554)  (2098,1626)  (1962,1539)  (2133,1717)  (2097,1734)  (1948,1503)  (1984,1503)  (1972,1467)  | overflowToLeft=false
Bellamybuurt  (1543,695)  (1580,692)  (1611,670)  (1575,656)  (1604,630)  | overflowToLeft=false
Diemen noord  (2394,1039)  (2358,1012)  (2429,1075)  (2330,976)  (2464,1103)  (2429,1112)  (2398,1075)  | overflowToLeft=false
Betondorp-Middenmeer  (2162,1027)  (2126,1062)  (2126,1026)  (2179,1063)  (2162,991)  (2198,991)  (2198,1027)  (2141,1098)  (2105,1098)  (2090,1062)  (2193,955)  (2229,955)  (2234,991)  (2265,924)  (2054,1089)  (2054,1053)  (2190,919)  (2226,919)  | overflowToLeft=false
Keizer Karelpark  (1293,1556)  (1257,1591)  (1257,1555)  (1328,1592)  (1293,1520)  (1329,1520)  (1329,1556)  (1292,1627)  (1365,1493)  (1365,1529)  | overflowToLeft=false
Durgerdam  (2589,654)  (2553,684)  (2553,648)  (2589,618)  (2625,618)  (2625,654)  (2546,612)  (2638,690)  (2517,685)  (2517,649)  (2660,726)  (2661,619)  (2674,655)  (2481,711)  (2481,675)  (2481,639)  (2696,691)  (2696,727)  (2710,646)  (2445,638)  | overflowToLeft=false
Aalsmeer centrum  (482,1792)  (446,1827)  (446,1791)  (517,1828)  (482,1756)  (518,1756)  (518,1792)  (444,1755)  (481,1863)  (506,1720)  (554,1753)  (554,1789)  (408,1731)  (444,1719)  (397,1695)  (517,1899)  (481,1899)  (445,1901)  (433,1683)  (549,1935)  (513,1935)  (477,1937)  | overflowToLeft=false
Jordaan  (1715,580)  (1736,544)  (1704,616)  (1772,510)  | overflowToLeft=false
Buiksloot  (2023,279)  (2006,243)  (2059,274)  (2059,310)  (1988,279)  (2011,309)  | overflowToLeft=false
de Baarsjes  (1485,686)  (1469,722)  (1496,650)  (1532,639)  (1496,614)  (1532,603)  (1568,603)  (1436,789)  (1418,825)  | overflowToLeft=false
Nigtevecht  (2764,2093)  (2728,2124)  (2728,2088)  (2764,2057)  (2800,2057)  (2800,2093)  (2722,2052)  (2692,2124)  (2692,2088)  (2758,2021)  (2794,2021)  (2830,2021)  (2836,2057)  (2836,2093)  (2686,2052)  (2686,2016)  (2722,2016)  (2866,1991)  (2656,2124)  (2656,2088)  (2818,1985)  (2872,2027)  (2872,2063)  (2872,2099)  (2650,2052)  (2650,2016)  (2650,1980)  (2686,1980)  (2901,1955)  (2902,1991)  (2620,2124)  (2620,2088)  (2908,2063)  (2908,2099)  (2614,2052)  (2614,2016)  (2672,1944)  (2944,2105)  (2980,2116)  (3016,2122)  (3052,2123)  (3088,2121)  (3124,2111)  (3160,2112)  (3276,2103)  (3312,2110)  | overflowToLeft=false
Landsmeerder Wei  (2226,109)  (2190,144)  (2190,108)  (2261,145)  (2226,73)  (2262,73)  (2262,109)  (2188,72)  (2225,180)  (2189,180)  (2154,144)  (2154,108)  (2269,181)  (2252,37)  (2288,37)  (2298,73)  (2298,109)  (2152,72)  (2324,11)  (2118,144)  (2118,108)  (2334,47)  | overflowToLeft=false
Spieringhorn  (916,275)  (880,291)  (880,255)  (916,239)  (952,286)  (886,203)  (922,203)  (988,295)  (895,167)  (931,167)  (1024,300)  (1060,309)  (1096,315)  (1132,323)  (1168,330)  | overflowToLeft=false
Jeugdland  (2145,295)  (2159,266)  (2197,265)  (2194,300)  (2164,318)  | overflowToLeft=false
Zuiderwolde  (3038,138)  (3002,173)  (3002,137)  (3050,174)  (3038,102)  (3074,102)  (3074,138)  (3000,101)  (3014,209)  (2978,209)  (2966,173)  (3036,66)  (3072,66)  (3110,95)  (3110,131)  (2964,86)  (3000,65)  (2949,50)  (2942,233)  (3044,245)  (3008,245)  (2930,197)  (3036,30)  (3072,30)  (3146,104)  (3146,140)  (2928,105)  (2985,29)  (2913,69)  (2913,33)  (2949,14)  (2906,237)  (3080,275)  (3044,281)  (2894,201)  (3182,127)  (2892,127)  (3095,311)  | overflowToLeft=false
Petroleumhavens  (1499,154)  (1463,179)  (1534,190)  (1435,92)  (1570,197)  (1571,89)  (1579,125)  (1400,56)  (1399,119)  (1599,161)  (1364,21)  (1662,318)  (1698,318)  (1734,323)  (1578,241)  | overflowToLeft=false
Ijburgbaai west  (2405,913)  | overflowToLeft=false
Flevoland  (3727,977)  (3691,1012)  (3691,976)  (3762,1013)  (3727,941)  (3763,941)  (3763,977)  (3689,940)  (3726,1048)  (3690,1048)  (3655,1012)  (3655,976)  (3798,1013)  (3798,1049)  (3762,1049)  (3654,1049)  (3725,905)  (3761,905)  (3797,905)  (3799,941)  (3799,977)  (3653,940)  (3653,904)  (3689,904)  (3726,1084)  (3690,1084)  (3619,1013)  (3619,977)  (3804,1085)  (3768,1085)  (3654,1085)  (3725,869)  (3761,869)  (3797,869)  (3617,941)  (3617,905)  (3617,869)  (3653,868)  (3689,868)  (3732,1120)  (3696,1120)  (3660,1121)  (3624,1121)  (3725,833)  (3761,833)  (3797,833)  (3581,947)  (3581,911)  (3678,832)  (3651,1157)  (3780,797)  | overflowToLeft=false
Overtoomse Veld  (1312,688)  (1276,723)  (1276,687)  (1347,724)  (1312,652)  (1348,652)  (1348,688)  (1274,651)  (1311,759)  (1275,759)  (1240,723)  (1240,687)  (1383,724)  (1383,760)  (1347,760)  (1310,616)  (1346,616)  (1382,616)  (1384,652)  (1384,688)  (1418,614)  (1420,650)  (1420,686)  (1456,618)  | overflowToLeft=false
Kabel  (43,1480)  (7,1515)  (7,1479)  (78,1516)  (43,1444)  (79,1444)  (79,1480)  (5,1443)  (42,1551)  (6,1551)  (114,1516)  (88,1552)  (41,1408)  (77,1408)  (115,1434)  (115,1470)  (0,1407)  (40,1587)  (4,1587)  (45,1372)  (81,1372)  (151,1426)  (151,1462)  (151,1498)  (187,1404)  (187,1440)  (223,1380)  (223,1416)  | overflowToLeft=false
Vogelbuurt  (2020,513)  (1984,535)  (2056,515)  (2055,542)  (2027,542)  | overflowToLeft=false
Holysloot  (2860,410)  (2824,445)  (2824,409)  (2895,446)  (2860,374)  (2896,374)  (2896,410)  (2822,373)  (2859,481)  (2823,481)  (2788,445)  (2788,409)  (2787,482)  (2932,339)  (2932,375)  (2932,411)  (2786,373)  (2752,446)  (2968,329)  (2968,365)  (2968,401)  (2716,434)  (3004,345)  (3004,381)  | overflowToLeft=false
Amstel 3  (1858,848)  | overflowToLeft=false
Bovenkerk  (1141,1562)  (1105,1564)  (1157,1526)  (1177,1562)  | overflowToLeft=false
Amstel 2  (1851,773)  | overflowToLeft=false
Tuindorp Nieuwendam  (2198,461)  (2242,489)  (2168,455)  (2122,442)  (2270,519)  | overflowToLeft=false
Amstel 1  (1845,721)  | overflowToLeft=false
Amstel 7  (1449,1786)  | overflowToLeft=false
Fredrik Hendrikbuurt  (1649,591)  (1648,627)  (1652,664)  (1676,555)  (1708,521)  | overflowToLeft=false
Haven Noord  (1810,182)  (1768,136)  (1736,100)  (1881,287)  (1699,64)  (1735,64)  (1842,215)  (1776,67)  | overflowToLeft=false
Amstel 6  (1758,1363)  | overflowToLeft=false
Amstel 5  (1807,1102)  | overflowToLeft=false
Amstel 4  (1890,1031)  | overflowToLeft=false
Polderbaan  (352,747)  (366,711)  (355,783)  (339,819)  (341,855)  (305,883)  (382,669)  (408,615)  (412,569)  | overflowToLeft=false
Weesp  (2725,1592)  (2689,1627)  (2689,1591)  (2760,1628)  (2725,1556)  (2761,1556)  (2761,1592)  (2687,1555)  (2724,1663)  (2688,1663)  (2796,1628)  (2796,1664)  (2760,1664)  (2723,1520)  (2797,1558)  (2665,1519)  (2832,1594)  (2825,1700)  (2789,1700)  (2701,1484)  (2737,1484)  (2868,1609)  (2849,1736)  (2813,1736)  (2777,1736)  (2668,1448)  (2795,1772)  | overflowToLeft=false
Rivierenbuurt  (1774,972)  (1738,990)  (1738,954)  (1809,1008)  (1810,945)  (1702,940)  (1845,981)  (1846,943)  | overflowToLeft=false
Oud Zuid  (1523,817)  (1487,842)  (1559,821)  (1595,802)  (1647,838)  (1626,833)  | overflowToLeft=false
Badhoevedorp  (854,855)  (818,890)  (889,891)  (847,819)  (883,819)  (890,855)  (853,926)  (925,891)  (925,927)  (926,854)  (777,753)  (961,923)  (961,959)  (813,747)  (752,717)  | overflowToLeft=false
Westhavens Zuid  (1409,308)  (1373,343)  (1373,307)  (1444,344)  (1409,272)  (1445,272)  (1445,308)  (1408,379)  (1372,379)  (1337,343)  (1480,344)  (1458,380)  (1460,236)  (1481,272)  (1481,308)  (1496,227)  (1301,364)  (1301,328)  (1516,344)  (1517,263)  (1517,299)  (1278,292)  (1265,356)  (1552,335)  (1553,282)  (1242,320)  (1588,330)  | overflowToLeft=false
Vechtplas  (2948,2020)  | overflowToLeft=false
Diemen zuid  (2177,1224)  (2141,1251)  (2212,1260)  (2149,1188)  (2185,1188)  (2221,1180)  (2176,1287)  (2178,1152)  | overflowToLeft=false
Schellingwoude  (2349,568)  (2313,557)  (2384,604)  (2385,567)  (2280,562)  | overflowToLeft=false
Museumkwartier  (1694,781)  (1722,817)  (1714,745)  (1730,781)  (1690,815)  | overflowToLeft=false
Abcoudermeer  (2124,1916)  | overflowToLeft=false
Middelpolder  (1612,1465)  (1576,1500)  (1576,1464)  (1647,1501)  (1612,1429)  (1648,1429)  (1648,1465)  (1611,1536)  (1575,1536)  (1539,1537)  (1589,1393)  (1625,1393)  (1661,1393)  (1684,1429)  (1684,1465)  (1697,1380)  (1577,1572)  (1541,1573)  (1603,1357)  (1639,1357)  (1720,1416)  (1720,1452)  (1505,1577)  (1675,1344)  (1711,1344)  (1561,1609)  (1614,1321)  (1525,1613)  (1489,1613)  (1747,1310)  (1650,1308)  (1686,1308)  (1519,1649)  (1483,1649)  (1621,1272)  (1657,1272)  (1447,1678)  (1497,1685)  (1461,1714)  (1425,1723)  (1431,1759)  (1395,1769)  (1430,1805)  (1394,1805)  (1435,1841)  | overflowToLeft=false
de Liede  (295,379)  (259,414)  (259,378)  (330,415)  (295,343)  (331,343)  (331,379)  (257,342)  (294,450)  (258,450)  (223,414)  (223,378)  (366,415)  (366,451)  (330,451)  (222,451)  (293,307)  (329,307)  (365,307)  (367,343)  (367,379)  (221,342)  (221,306)  (257,306)  (401,273)  (294,486)  (258,486)  (187,415)  (187,379)  (402,415)  (402,451)  (396,487)  (360,487)  (222,487)  (186,487)  (186,451)  (293,271)  (329,271)  (365,271)  (403,309)  (403,345)  (185,343)  (220,270)  (256,270)  (437,248)  (324,522)  (288,522)  (151,415)  (151,379)  (438,389)  (438,425)  | overflowToLeft=false
Kostverloren-Bankras  (1516,1374)  (1539,1410)  (1503,1410)  (1510,1338)  (1546,1338)  (1533,1446)  (1497,1446)  (1510,1302)  (1546,1302)  (1502,1482)  (1508,1266)  (1544,1266)  (1466,1497)  | overflowToLeft=false
de Hoge Dijk  (1995,1751)  (2031,1760)  (2073,1796)  (2075,1832)  (1914,1645)  (2111,1798)  (2111,1834)  (2075,1868)  (2113,1870)  (1878,1622)  (1914,1609)  (2147,1794)  (2147,1830)  (2149,1866)  (1842,1588)  (1878,1586)  (1914,1573)  (1838,1552)  (1874,1550)  (1910,1537)  (1972,1704)  | overflowToLeft=false
Zunderdorp  (2415,256)  (2379,291)  (2379,255)  (2450,292)  (2415,220)  (2451,220)  (2451,256)  (2377,219)  (2414,327)  (2378,327)  (2343,291)  (2343,255)  (2486,292)  (2486,328)  (2450,328)  (2342,328)  (2413,184)  (2449,184)  (2485,184)  (2487,220)  (2487,256)  (2341,219)  (2341,183)  (2377,183)  (2521,165)  (2414,363)  (2378,363)  (2307,292)  (2307,256)  (2522,292)  (2452,364)  (2523,201)  (2523,237)  (2305,220)  (2557,157)  (2394,399)  (2271,284)  (2558,273)  (2559,193)  (2559,229)  (2269,248)  (2595,189)  (2595,225)  (2233,260)  | overflowToLeft=false
Oosterdok  (1927,621)  | overflowToLeft=false
Ijburgbaai midden  (2515,1021)  | overflowToLeft=false
Gouwzee  (3264,30)  (3228,65)  (3228,29)  (3299,66)  (3300,0)  (3192,78)  (3192,42)  (3192,6)  (3335,36)  (3335,72)  (3299,102)  (3336,0)  (3341,108)  (3156,57)  (3156,21)  (3371,36)  (3371,72)  (3372,0)  (3377,108)  (3120,51)  (3407,36)  (3407,72)  (3408,0)  | overflowToLeft=false
Osdorp  (1024,661)  (988,696)  (988,660)  (1059,697)  (1024,625)  (1060,625)  (1060,661)  (986,624)  (1023,732)  (987,732)  (952,696)  (952,660)  (1095,697)  (1095,733)  (1059,733)  (951,733)  (1056,589)  (1092,589)  (1096,625)  (1096,661)  (1128,557)  (1005,768)  (916,697)  (916,661)  (1131,708)  (1131,744)  (969,769)  (933,769)  (915,733)  (1069,553)  (1132,593)  (1132,629)  (902,625)  (1105,521)  (1164,533)  (880,697)  (880,661)  (1167,709)  (1167,745)  (971,805)  (879,738)  (1168,569)  (866,625)  (844,699)  (844,663)  (1204,543)  (808,663)  | overflowToLeft=false
Middenhoven  (1283,1709)  (1247,1697)  (1318,1745)  (1282,1745)  (1319,1686)  (1234,1661)  (1211,1704)  (1354,1722)  (1347,1781)  (1355,1664)  (1198,1668)  (1384,1628)  (1391,1664)  (1405,1592)  (1425,1556)  (1461,1554)  | overflowToLeft=false
Boeslingheliede  (505,659)  (469,694)  (469,658)  (540,695)  (505,623)  (541,623)  (541,659)  (467,622)  (504,730)  (468,730)  (433,694)  (433,658)  (576,695)  (576,731)  (540,731)  (432,731)  (503,587)  (539,587)  (575,587)  (577,623)  (577,659)  (451,586)  (504,766)  (468,766)  (612,695)  (612,731)  (589,767)  (553,767)  (432,767)  (487,551)  (523,551)  (613,613)  (613,649)  (517,802)  (481,802)  (648,685)  (648,721)  (445,803)  (409,803)  (471,515)  (507,515)  (649,606)  (649,642)  (491,838)  (684,678)  (455,839)  (419,839)  (491,479)  (685,570)  (685,606)  (685,642)  | overflowToLeft=false
Afrikahaven  (868,24)  (832,59)  (832,23)  (903,60)  (904,0)  (867,95)  (796,44)  (796,8)  (939,36)  (939,72)  (903,96)  (940,0)  (951,108)  (760,29)  (975,36)  (975,72)  (976,0)  | overflowToLeft=false
het Schouw  (2444,53)  (2408,88)  (2408,52)  (2479,89)  (2444,17)  (2480,17)  (2480,53)  (2406,16)  (2372,101)  (2497,125)  | overflowToLeft=false
Haarlem centrum  (12,248)  (39,284)  (3,284)  (0,212)  (36,212)  (48,248)  (84,214)  (1,136)  (1,174)  | overflowToLeft=false
de Pijp  (1793,817)  (1782,781)  (1818,781)  (1829,817)  (1845,882)  (1770,840)  | overflowToLeft=false
Badhoever Wei  (693,911)  (657,946)  (657,910)  (728,947)  (693,875)  (729,875)  (729,911)  (655,874)  (621,939)  (764,972)  (728,983)  (691,839)  (619,903)  (619,867)  (655,838)  (612,831)  (789,1008)  (727,804)  (800,972)  (753,1019)  (691,803)  (648,802)  (576,839)  (788,794)  (825,1008)  (684,767)  (720,767)  (861,976)  (861,1012)  (897,984)  (897,1020)  (933,1004)  (969,1006)  (984,1042)  (1005,1002)  (1015,1078)  (1020,1038)  (1031,1114)  (1043,1150)  (1051,1074)  (1054,1186)  (1067,1110)  (1087,1053)  | overflowToLeft=false
Naarden  (3711,2064)  (3675,2099)  (3675,2063)  (3746,2100)  (3711,2028)  (3747,2028)  (3747,2064)  (3673,2027)  (3639,2124)  (3639,2088)  (3782,2100)  (3709,1992)  (3745,1992)  (3783,2031)  (3637,2052)  (3637,2016)  (3673,1991)  (3781,1990)  (3626,1980)  (3603,2106)  (3662,1955)  (3698,1955)  (3623,1944)  (3659,1919)  (3611,1908)  (3647,1883)  | overflowToLeft=false
de Poel  (1195,1465)  | overflowToLeft=false
ArenA Park  (2042,1447)  (2057,1483)  (2078,1422)  (2114,1432)  (2039,1409)  (2011,1417)  (2009,1456)  (2068,1515)  | overflowToLeft=false
Diemen  (2277,1087)  (2241,1118)  (2241,1082)  (2312,1123)  (2277,1051)  (2313,1051)  (2313,1087)  (2295,1015)  (2279,1127)  | overflowToLeft=false
Helmersbuurt  (1573,723)  (1537,732)  (1609,714)  (1645,704)  (1670,723)  | overflowToLeft=false
Gaasperplas  (2444,1598)  | overflowToLeft=false
Tuindorp Oostzaan  (1845,144)  (1811,108)  (1881,145)  (1868,182)  (1910,175)  (1926,148)  | overflowToLeft=false
Abcoude  (2146,2005)  (2110,2019)  (2181,2041)  (2165,1969)  (2182,2005)  (2145,2055)  (2201,1950)  (2218,1986)  (2228,2063)  (2143,2091)  | overflowToLeft=false
Centraal Station  (1870,564)  (1908,581)  (1948,597)  (1992,603)  (1841,529)  (2033,621)  | overflowToLeft=false
Papaverweg e.o.  (1953,339)  (1986,375)  (1992,339)  (1954,302)  (1925,331)  | overflowToLeft=false
Almere  (3749,1358)  (3713,1393)  (3713,1357)  (3784,1394)  (3749,1322)  (3785,1322)  (3785,1358)  (3711,1321)  (3748,1429)  (3712,1429)  (3677,1393)  (3677,1357)  (3804,1430)  (3676,1430)  (3747,1286)  (3783,1286)  (3675,1321)  (3675,1285)  (3711,1285)  (3768,1465)  (3732,1465)  (3641,1394)  (3641,1358)  (3804,1466)  (3696,1466)  (3747,1250)  (3783,1250)  (3639,1322)  (3639,1286)  (3639,1250)  (3675,1249)  (3711,1249)  (3768,1501)  (3732,1501)  (3605,1373)  (3804,1502)  (3696,1502)  (3621,1214)  (3747,1214)  (3783,1214)  (3657,1213)  (3693,1213)  (3729,1178)  (3765,1178)  (3801,1178)  | overflowToLeft=false
Overhoeks  (1915,454)  (1923,490)  (1914,418)  (1913,384)  | overflowToLeft=false
Dapper-Indische buurt  (2131,812)  (2095,847)  (2095,811)  (2166,848)  (2167,788)  (2093,775)  (2059,856)  (2059,820)  (2202,824)  (2202,860)  (2057,784)  (2238,801)  (2238,837)  (2238,873)  | overflowToLeft=false
Oudekerkerplas  (1878,1702)  (1914,1698)  | overflowToLeft=false
Schiphol Terminal  (603,1223)  (567,1258)  (567,1222)  (638,1259)  (603,1187)  (639,1187)  (639,1223)  (565,1186)  (602,1294)  (566,1294)  (531,1258)  (674,1259)  (530,1295)  (601,1151)  (675,1159)  (675,1195)  (529,1178)  (565,1150)  (521,1142)  (710,1231)  (505,1331)  (711,1163)  (469,1346)  | overflowToLeft=false
Havenwater 2  (1343,139)  | overflowToLeft=false
Havenwater 1  (1037,39)  (1029,75)  (1040,3)  (1027,111)  | overflowToLeft=false
Meerwijkplas  (28,574)  | overflowToLeft=false
Zuid  (1529,898)  (1493,925)  (1565,868)  (1565,904)  (1457,923)  (1601,869)  (1601,905)  (1637,886)  | overflowToLeft=false
Aalsmeer west  (122,1721)  (86,1756)  (86,1720)  (157,1757)  (122,1685)  (158,1685)  (158,1721)  (84,1684)  (121,1792)  (85,1792)  (50,1756)  (50,1720)  (193,1757)  (177,1793)  (49,1793)  (120,1649)  (156,1649)  (192,1649)  (194,1685)  (194,1721)  (48,1684)  (48,1648)  (84,1648)  (216,1793)  (228,1615)  (141,1828)  (14,1757)  (14,1721)  (229,1757)  (36,1829)  (13,1793)  (120,1613)  (156,1613)  (192,1613)  (230,1651)  (230,1687)  (12,1685)  (0,1842)  (181,1857)  (228,1579)  (264,1579)  (264,1615)  (145,1864)  (265,1723)  (265,1759)  (137,1577)  (173,1577)  (266,1651)  (266,1687)  (209,1543)  (245,1543)  (300,1607)  | overflowToLeft=false
Plantage  (1935,713)  (1969,696)  (2003,721)  (1971,729)  (2004,754)  | overflowToLeft=false
Vondelpark  (1550,761)  (1521,774)  (1587,765)  (1619,758)  (1657,752)  | overflowToLeft=false
de Nieuwe Meer  (1155,1012)  (1119,1013)  (1191,1004)  | overflowToLeft=false
Weesperbuurt  (1875,730)  (1911,730)  (1880,766)  (1919,764)  (1961,768)  | overflowToLeft=false
Baan 04  (860,1236)  (824,1233)  (875,1272)  (896,1215)  (932,1211)  (968,1179)  (782,1357)  (1004,1175)  | overflowToLeft=false
Oranjewijk  (691,1765)  (655,1800)  (655,1764)  (726,1801)  (691,1729)  (727,1729)  (727,1765)  (653,1728)  (690,1836)  (654,1836)  (619,1765)  (762,1801)  (755,1837)  (704,1693)  (740,1693)  (763,1729)  (763,1765)  (617,1729)  (618,1842)  (776,1680)  (714,1872)  (678,1872)  (582,1873)  (799,1716)  (642,1878)  (812,1656)  (606,1909)  (835,1692)  (848,1643)  (871,1679)  | overflowToLeft=false
Amsterdamse bos noord  (1205,1197)  (1169,1232)  (1169,1196)  (1240,1233)  (1205,1161)  (1241,1161)  (1241,1197)  (1167,1160)  (1204,1268)  (1168,1268)  (1133,1232)  (1133,1196)  (1132,1269)  (1203,1125)  (1239,1125)  (1275,1125)  (1277,1161)  (1277,1197)  (1131,1160)  (1131,1124)  (1167,1124)  (1311,1091)  (1229,1304)  (1193,1304)  (1097,1233)  (1157,1305)  (1203,1089)  (1239,1089)  (1275,1089)  (1313,1127)  (1313,1163)  (1313,1199)  (1138,1088)  (1347,1075)  (1219,1340)  (1349,1111)  (1349,1147)  (1349,1183)  (1349,1219)  (1385,1102)  (1385,1138)  | overflowToLeft=false
Ijburgbaai oost  (2654,1132)  | overflowToLeft=false
Amstelveen Stadshart  (1390,1347)  (1354,1382)  (1354,1346)  (1425,1383)  (1390,1311)  (1426,1311)  (1426,1347)  (1352,1310)  (1389,1418)  (1353,1418)  (1461,1383)  (1453,1419)  (1397,1275)  (1433,1275)  (1462,1311)  (1462,1347)  (1316,1292)  (1469,1268)  (1417,1454)  (1408,1239)  (1280,1284)  (1444,1232)  | overflowToLeft=false
Han plas  (17,845)  | overflowToLeft=false
Watergraafsmeer  (2018,957)  (1982,992)  (1982,956)  (2053,993)  (2018,921)  (2054,921)  (2054,957)  (2002,1028)  (2090,893)  (2090,929)  (2090,965)  (2126,929)  | overflowToLeft=false
Amstelveen Oude Dorp  (1274,1420)  (1278,1384)  (1304,1456)  (1268,1456)  (1263,1348)  (1299,1336)  (1270,1491)  | overflowToLeft=false
Bloemenbuurt  (2027,412)  (1991,447)  (2028,448)  (2028,376)  (2065,413)  (2065,372)  | overflowToLeft=false
Bovenste Blik  (3470,2081)  | overflowToLeft=false
de Wallen  (1831,624)  (1867,607)  (1816,659)  | overflowToLeft=false
Zwanenburg  (775,247)  (739,282)  (739,218)  (810,283)  (775,211)  (811,211)  (811,247)  (727,182)  (774,318)  (738,318)  (703,282)  (821,319)  (702,319)  (763,175)  (799,175)  (835,175)  (719,146)  (785,354)  (749,354)  (667,283)  (713,355)  (666,330)  (755,139)  (791,139)  (827,139)  (708,110)  (793,390)  (757,390)  (631,287)  (744,103)  (780,103)  (707,74)  | overflowToLeft=false
Kleine Poel  (294,1804)  | overflowToLeft=false
Bedrijventerrein de Omval  (1912,1129)  (1876,1149)  (1876,1113)  (1947,1165)  (1912,1093)  (1948,1093)  (1948,1129)  (1911,1185)  (1952,1201)  (1930,1057)  (1984,1106)  (1984,1142)  (1916,1221)  (1964,1237)  (2020,1126)  (1928,1257)  (1978,1273)  | overflowToLeft=false
Java-Oostelijk Havengebied  (2206,665)  (2169,662)  (2126,640)  (2119,679)  (2118,718)  (2162,703)  (2204,702)  (2160,744)  (2195,753)  (2238,759)  | overflowToLeft=false
Nieuwe Zijde  (1795,605)  (1829,585)  (1792,640)  (1791,679)  | overflowToLeft=false
Leek  (2807,25)  (2771,60)  (2771,24)  (2842,61)  (2843,0)  (2806,96)  (2735,1)  (2748,130)  (2800,132)  (2764,166)  (2808,168)  (2661,108)  (2646,9)  (2636,72)  (2810,204)  (2625,132)  (2610,36)  (2610,0)  (2600,96)  (2574,60)  (2574,24)  (2564,103)  (2538,67)  | overflowToLeft=false
Waterland  (2547,457)  (2511,492)  (2511,456)  (2582,493)  (2547,421)  (2583,421)  (2583,457)  (2509,420)  (2546,528)  (2510,528)  (2475,492)  (2475,456)  (2618,493)  (2618,529)  (2582,529)  (2474,529)  (2545,385)  (2581,385)  (2617,385)  (2619,421)  (2619,457)  (2473,420)  (2509,384)  (2653,351)  (2439,493)  (2439,457)  (2654,493)  (2654,529)  (2654,565)  (2618,565)  (2582,565)  (2494,565)  (2458,565)  (2438,529)  (2548,349)  (2584,349)  (2655,446)  (2620,315)  (2689,341)  (2403,479)  (2690,482)  (2690,518)  (2690,554)  (2725,327)  (2726,484)  (2726,520)  | overflowToLeft=false
Haarlem Zuid  (4,457)  (39,493)  (3,493)  (0,421)  (36,421)  (40,457)  (72,389)  (75,493)  (74,529)  (38,529)  (2,529)  (0,385)  (36,385)  (76,425)  (0,349)  (36,349)  | overflowToLeft=false
Tellegenbuurt  (1740,881)  (1776,882)  (1813,880)  (1814,916)  (1771,911)  | overflowToLeft=false
Vijfhuizen  (79,691)  (43,726)  (43,690)  (114,727)  (79,655)  (115,655)  (115,691)  (41,654)  (78,762)  (42,762)  (7,726)  (7,690)  (150,727)  (150,763)  (114,763)  (6,763)  (77,619)  (113,619)  (149,619)  (151,655)  (151,691)  (5,654)  (185,585)  (78,798)  (42,798)  (186,727)  (186,763)  (169,799)  (133,799)  (6,799)  (107,583)  (143,583)  (187,621)  (187,657)  (179,549)  (221,557)  (97,834)  (61,834)  (222,693)  (222,729)  (114,547)  (223,593)  (223,629)  (67,870)  (258,665)  (258,701)  (258,737)  (259,606)  (294,647)  (294,683)  (294,719)  (294,755)  | overflowToLeft=false
Oostzaner Werf  (1921,81)  (1885,109)  (1885,73)  (1956,117)  (1957,66)  (1876,37)  (1992,102)  (1992,138)  (1840,46)  (2013,174)  (2028,130)  | overflowToLeft=false
Nes aan de Amstel  (1160,1980)  (1124,2015)  (1124,1979)  (1195,2016)  (1160,1944)  (1196,1944)  (1196,1980)  (1122,1943)  (1159,2051)  (1123,2051)  (1088,2015)  (1088,1979)  (1231,2016)  (1231,2052)  (1195,2052)  (1087,2052)  (1158,1908)  (1194,1908)  (1230,1908)  (1232,1944)  (1232,1980)  (1086,1943)  (1086,1907)  (1122,1907)  (1266,1874)  (1159,2087)  (1123,2087)  (1052,2016)  (1052,1980)  (1267,2016)  (1267,2052)  (1267,2088)  (1231,2088)  (1195,2088)  (1087,2088)  (1051,2088)  (1051,2052)  (1158,1872)  (1194,1872)  (1230,1872)  (1268,1910)  (1268,1946)  (1050,1944)  (1050,1908)  (1050,1872)  (1086,1871)  (1122,1871)  (1266,1838)  (1302,1838)  (1302,1874)  (1159,2123)  (1123,2123)  (1016,2016)  (1016,1980)  | overflowToLeft=false
Schaakwei  (2735,247)  (2699,282)  (2699,246)  (2771,239)  (2771,275)  (2697,210)  (2733,210)  (2663,279)  (2807,267)  (2843,275)  (2879,278)  | overflowToLeft=false
Nieuwendammerham  (2144,527)  (2083,447)  (2083,483)  (2113,515)  (2187,549)  | overflowToLeft=false
Geiner Wei  (2408,1990)  (2372,2025)  (2372,1989)  (2443,2026)  (2408,1954)  (2444,1954)  (2444,1990)  (2370,1953)  (2407,2061)  (2371,2061)  (2336,2025)  (2336,1989)  (2479,2026)  (2479,2062)  (2443,2062)  (2335,2062)  (2406,1918)  (2442,1918)  (2478,1918)  (2480,1954)  (2480,1990)  (2334,1953)  (2334,1917)  (2370,1917)  (2514,1884)  (2407,2097)  (2371,2097)  (2300,2026)  (2300,1990)  (2515,2026)  (2515,2062)  (2515,2098)  (2479,2098)  (2443,2098)  (2335,2098)  (2299,2098)  (2299,2062)  (2406,1882)  (2442,1882)  (2478,1882)  (2516,1920)  (2516,1956)  (2298,1954)  (2298,1918)  (2298,1882)  (2334,1881)  (2370,1881)  (2514,1848)  (2550,1848)  (2550,1884)  (2551,1992)  | overflowToLeft=false
Muiderberg  (3438,1526)  (3402,1511)  (3474,1519)  (3474,1555)  (3395,1484)  (3365,1517)  (3439,1566)  | overflowToLeft=false
Bovendiep  (2330,816)  | overflowToLeft=false